18032
25836
30857
32638
23686
27533
4931
6129
660
212
32379
16614
20066
14091
20348
1176
18992
14037
28287
491
7478
22108
18496
7226
15212
20129
14295
13239
23397
23685
9533
25434
24927
9329
4575
22307
17678
14930
31912
12976
25955
25666
20731
10354
21291
20678
1367
8001
1403
30843
3562
7639
10205
7777
31493
7008
30948
16272
3992
31922
2697
12566
13268
17518
9197
22552
4832
22724
12581
8491
15261
26287
5111
16498
5097
14154
1820
15974
8853
3845
15677
29731
19157
31475
28960
9008
22984
23117
1192
12834
29392
22758
6328
3273
26954
7542
21350
26068
27076
28031
26292
